17
2    3 4 0
1                     5              0
6 7 10 0
1 11       12      0
   2   8  9 0
3   0
3   15 0
5            17  0
 5  17   0
  3 0
   4 0
    4  13 0
12 0
7    16   0
 7  16 0
  14     15      0
9 8 0

12
	2 3 0
	1 6 0
	1 4 5 0
	7 8 3 0	
	11 3 0
	2 0
	4 9 0
	10 12 4 0
	7 0
	8 0
	5 12 0
	8 11 0

5
	2 3 0
	1 4 0
	1 5 0
	2 5 0
	3 4 0





10
	2 3 0
	4 5 1 0
	6 7 1 0
	2 0	
	2 0
	3 0
	3 0
	10 9 0
	8 10 0
	8 9 0



4
     2 3 0
     1 3 0
     1 2 4 0
     3 0
